166554880.54949915 0.000949314446189 0.000375113449991 -0.000204526819289
166554880.55384865 0.000949314446189 0.000375113449991 -0.000204526819289
166554880.55876336 0.000949314446189 0.000375113449991 -0.000204526819289
166554880.56374216 0.000949314446189 0.000375113449991 -0.000204526819289
166554880.56904373 0.000949314446189 0.000375113449991 -0.000204526819289
166554880.57440388 0.000949314446189 0.000375113449991 -0.000204526819289
166554880.57875448 0.000949314446189 0.000375113449991 -0.000204526819289
166554880.58372772 0.000949314446189 0.000375113449991 -0.000204526819289
166554880.588711 0.000949314446189 0.000375113449991 -0.000204526819289
166554880.59372088 0.000949314446189 0.000375113449991 -0.000204526819289
166554880.5987702 0.000949314446189 0.000375113449991 -0.000204526819289
166554880.60449138 0.000949314446189 0.000375113449991 -0.000204526819289
166554880.6094731 4.61895288026e-05 0.000292680168059 8.01483838586e-05
166554880.61392832 4.61895288026e-05 0.000292680168059 8.01483838586e-05
166554880.618796 4.61895288026e-05 0.000292680168059 8.01483838586e-05
166554880.624632 4.61895288026e-05 0.000292680168059 8.01483838586e-05
166554880.6287833 4.61895288026e-05 0.000292680168059 8.01483838586e-05
166554880.63373905 4.61895288026e-05 0.000292680168059 8.01483838586e-05
166554880.6386918 4.61895288026e-05 0.000292680168059 8.01483838586e-05
166554880.64402083 4.61895288026e-05 0.000292680168059 8.01483838586e-05
166554880.6486975 4.61895288026e-05 0.000292680168059 8.01483838586e-05
166554880.6538653 4.61895288026e-05 0.000292680168059 8.01483838586e-05
166554880.65917796 4.61895288026e-05 0.000292680168059 8.01483838586e-05
166554880.66415876 4.61895288026e-05 0.000292680168059 8.01483838586e-05
166554880.66873497 4.61895288026e-05 0.000292680168059 8.01483838586e-05
166554880.67377156 -0.000174846849404 7.48935053707e-05 -0.000415312737459
166554880.67879984 -0.000174846849404 7.48935053707e-05 -0.000415312737459
166554880.68374008 -0.000174846849404 7.48935053707e-05 -0.000415312737459
166554880.68922296 -0.000174846849404 7.48935053707e-05 -0.000415312737459
166554880.6938096 -0.000174846849404 7.48935053707e-05 -0.000415312737459
166554880.69897717 -0.000174846849404 7.48935053707e-05 -0.000415312737459
166554880.70403716 -0.000174846849404 7.48935053707e-05 -0.000415312737459
166554880.7087319 -0.000174846849404 7.48935053707e-05 -0.000415312737459
166554880.7141571 -0.000174846849404 7.48935053707e-05 -0.000415312737459
166554880.7187332 -0.000174846849404 7.48935053707e-05 -0.000415312737459
166554880.72526962 -0.000174846849404 7.48935053707e-05 -0.000415312737459
166554880.72869915 -0.000174846849404 7.48935053707e-05 -0.000415312737459
166554880.73377684 -0.000174846849404 7.48935053707e-05 -0.000415312737459
166554880.7387958 3.41271988873e-05 -0.000233436119743 -0.000346179702319
166554880.74390474 3.41271988873e-05 -0.000233436119743 -0.000346179702319
166554880.74875757 3.41271988873e-05 -0.000233436119743 -0.000346179702319
166554880.7537952 3.41271988873e-05 -0.000233436119743 -0.000346179702319
166554880.75910115 3.41271988873e-05 -0.000233436119743 -0.000346179702319
166554880.7639013 3.41271988873e-05 -0.000233436119743 -0.000346179702319
166554880.7687806 3.41271988873e-05 -0.000233436119743 -0.000346179702319
166554880.77504328 3.41271988873e-05 -0.000233436119743 -0.000346179702319
166554880.7787229 3.41271988873e-05 -0.000233436119743 -0.000346179702319
166554880.78379077 3.41271988873e-05 -0.000233436119743 -0.000346179702319
166554880.7893329 3.41271988873e-05 -0.000233436119743 -0.000346179702319
166554880.79418346 3.41271988873e-05 -0.000233436119743 -0.000346179702319
166554880.79883763 3.41271988873e-05 -0.000233436119743 -0.000346179702319
166554880.80395442 3.41271988873e-05 -0.000233436119743 -0.000346179702319
166554880.80893707 0.000483179144794 -3.05784342345e-05 -0.000790451886132
166554880.81376976 0.000483179144794 -3.05784342345e-05 -0.000790451886132
166554880.81868377 0.000483179144794 -3.05784342345e-05 -0.000790451886132
166554880.8237875 0.000483179144794 -3.05784342345e-05 -0.000790451886132
166554880.8287436 0.000483179144794 -3.05784342345e-05 -0.000790451886132
166554880.83377016 0.000483179144794 -3.05784342345e-05 -0.000790451886132
166554880.83872247 0.000483179144794 -3.05784342345e-05 -0.000790451886132
166554880.8437595 0.000483179144794 -3.05784342345e-05 -0.000790451886132
166554880.84885454 0.000483179144794 -3.05784342345e-05 -0.000790451886132
166554880.85409743 0.000483179144794 -3.05784342345e-05 -0.000790451886132
166554880.85884175 0.000483179144794 -3.05784342345e-05 -0.000790451886132
166554880.86379257 0.000483179144794 -3.05784342345e-05 -0.000790451886132
166554880.86963376 0.000483179144794 -3.05784342345e-05 -0.000790451886132
166554880.87393114 0.000209350037039 0.000435880967416 -0.000214713756577
166554880.8787058 0.000209350037039 0.000435880967416 -0.000214713756577
166554880.8838266 0.000209350037039 0.000435880967416 -0.000214713756577
166554880.888776 0.000209350037039 0.000435880967416 -0.000214713756577
166554880.89384493 0.000209350037039 0.000435880967416 -0.000214713756577
166554880.89869478 0.000209350037039 0.000435880967416 -0.000214713756577
166554880.90391394 0.000209350037039 0.000435880967416 -0.000214713756577
166554880.90867883 0.000209350037039 0.000435880967416 -0.000214713756577
166554880.91368935 0.000209350037039 0.000435880967416 -0.000214713756577
166554880.91876906 0.000209350037039 0.000435880967416 -0.000214713756577
166554880.92384306 0.000209350037039 0.000435880967416 -0.000214713756577
166554880.92870995 0.000209350037039 0.000435880967416 -0.000214713756577
166554880.93383545 0.000209350037039 0.000435880967416 -0.000214713756577
166554880.93876755 0.000209350037039 0.000435880967416 -0.000214713756577
166554880.9437275 -0.0270177070051 -0.00514060817659 -0.00264987302944
166554880.9489455 -0.0270177070051 -0.00514060817659 -0.00264987302944
166554880.95377097 -0.0270177070051 -0.00514060817659 -0.00264987302944
166554880.95872903 -0.0270177070051 -0.00514060817659 -0.00264987302944
166554880.9638848 -0.0270177070051 -0.00514060817659 -0.00264987302944
166554880.96886942 -0.0270177070051 -0.00514060817659 -0.00264987302944
166554880.97373033 -0.0270177070051 -0.00514060817659 -0.00264987302944
166554880.97884196 -0.0270177070051 -0.00514060817659 -0.00264987302944
166554880.98377898 -0.0270177070051 -0.00514060817659 -0.00264987302944
166554880.98869628 -0.0270177070051 -0.00514060817659 -0.00264987302944
166554880.9937489 -0.0270177070051 -0.00514060817659 -0.00264987302944
166554880.9989649 -0.0270177070051 -0.00514060817659 -0.00264987302944
166554881.00381994 -0.0270177070051 -0.00514060817659 -0.00264987302944
166554881.00874212 -0.0777533650398 -0.0209778547287 -0.00564831215888
166554881.01375392 -0.0777533650398 -0.0209778547287 -0.00564831215888
166554881.01963452 -0.0777533650398 -0.0209778547287 -0.00564831215888
166554881.0240049 -0.0777533650398 -0.0209778547287 -0.00564831215888
166554881.02870414 -0.0777533650398 -0.0209778547287 -0.00564831215888
166554881.03373718 -0.0777533650398 -0.0209778547287 -0.00564831215888
166554881.03875163 -0.0777533650398 -0.0209778547287 -0.00564831215888
166554881.04373738 -0.0777533650398 -0.0209778547287 -0.00564831215888
166554881.04902533 -0.0777533650398 -0.0209778547287 -0.00564831215888
166554881.0541438 -0.0777533650398 -0.0209778547287 -0.00564831215888
166554881.05873442 -0.0777533650398 -0.0209778547287 -0.00564831215888
166554881.06380364 -0.0777533650398 -0.0209778547287 -0.00564831215888
166554881.06905195 -0.0777533650398 -0.0209778547287 -0.00564831215888
166554881.07375622 -0.0856770500541 -0.0276362858713 -0.00629867240787
166554881.0789169 -0.0856770500541 -0.0276362858713 -0.00629867240787
166554881.08390433 -0.0856770500541 -0.0276362858713 -0.00629867240787
166554881.09009168 -0.0856770500541 -0.0276362858713 -0.00629867240787
166554881.09381884 -0.0856770500541 -0.0276362858713 -0.00629867240787
166554881.09884235 -0.0856770500541 -0.0276362858713 -0.00629867240787
166554881.10386315 -0.0856770500541 -0.0276362858713 -0.00629867240787
166554881.10891393 -0.0856770500541 -0.0276362858713 -0.00629867240787
166554881.11371893 -0.0856770500541 -0.0276362858713 -0.00629867240787
166554881.1186856 -0.0856770500541 -0.0276362858713 -0.00629867240787
166554881.12375036 -0.0856770500541 -0.0276362858713 -0.00629867240787
166554881.12879187 -0.0856770500541 -0.0276362858713 -0.00629867240787
166554881.13376483 -0.0856770500541 -0.0276362858713 -0.00629867240787
166554881.13877872 -0.0856770500541 -0.0276362858713 -0.00629867240787
166554881.14422622 -0.0665981024504 -0.0205808579922 -0.00746096391231
166554881.14884406 -0.0665981024504 -0.0205808579922 -0.00746096391231
166554881.15391493 -0.0665981024504 -0.0205808579922 -0.00746096391231
166554881.15887234 -0.0665981024504 -0.0205808579922 -0.00746096391231
166554881.163774 -0.0665981024504 -0.0205808579922 -0.00746096391231
166554881.16894212 -0.0665981024504 -0.0205808579922 -0.00746096391231
166554881.17380267 -0.0665981024504 -0.0205808579922 -0.00746096391231
166554881.1788386 -0.0665981024504 -0.0205808579922 -0.00746096391231
166554881.18376452 -0.0665981024504 -0.0205808579922 -0.00746096391231
166554881.1888401 -0.0665981024504 -0.0205808579922 -0.00746096391231
166554881.1938092 -0.0665981024504 -0.0205808579922 -0.00746096391231
166554881.19874558 -0.0665981024504 -0.0205808579922 -0.00746096391231
166554881.2038063 -0.0665981024504 -0.0205808579922 -0.00746096391231
166554881.20870608 -0.0440941266716 -0.0113762877882 -0.0051844259724
166554881.21380612 -0.0440941266716 -0.0113762877882 -0.0051844259724
166554881.21869662 -0.0440941266716 -0.0113762877882 -0.0051844259724
166554881.22435758 -0.0440941266716 -0.0113762877882 -0.0051844259724
166554881.2287307 -0.0440941266716 -0.0113762877882 -0.0051844259724
166554881.23415476 -0.0440941266716 -0.0113762877882 -0.0051844259724
166554881.2391911 -0.0440941266716 -0.0113762877882 -0.0051844259724
166554881.24374238 -0.0440941266716 -0.0113762877882 -0.0051844259724
166554881.249164 -0.0440941266716 -0.0113762877882 -0.0051844259724
166554881.2538118 -0.0440941266716 -0.0113762877882 -0.0051844259724
166554881.25934947 -0.0440941266716 -0.0113762877882 -0.0051844259724
166554881.26375517 -0.0440941266716 -0.0113762877882 -0.0051844259724
166554881.26877362 -0.0440941266716 -0.0113762877882 -0.0051844259724
166554881.27399707 -0.0265486352146 -0.00218882900663 -0.00443159881979
166554881.27910498 -0.0265486352146 -0.00218882900663 -0.00443159881979
166554881.28403357 -0.0265486352146 -0.00218882900663 -0.00443159881979
166554881.28875542 -0.0265486352146 -0.00218882900663 -0.00443159881979
166554881.2937694 -0.0265486352146 -0.00218882900663 -0.00443159881979
166554881.29877323 -0.0265486352146 -0.00218882900663 -0.00443159881979
166554881.30379027 -0.0265486352146 -0.00218882900663 -0.00443159881979
166554881.30883184 -0.0265486352146 -0.00218882900663 -0.00443159881979
166554881.3138575 -0.0265486352146 -0.00218882900663 -0.00443159881979
166554881.31921285 -0.0265486352146 -0.00218882900663 -0.00443159881979
166554881.3238842 -0.0265486352146 -0.00218882900663 -0.00443159881979
166554881.32876748 -0.0265486352146 -0.00218882900663 -0.00443159881979
166554881.33387813 -0.0265486352146 -0.00218882900663 -0.00443159881979
166554881.33878508 -0.0265486352146 -0.00218882900663 -0.00443159881979
166554881.34423783 -0.00974141992629 0.00309284520335 -0.00263936421834
166554881.34890708 -0.00974141992629 0.00309284520335 -0.00263936421834
166554881.35370553 -0.00974141992629 0.00309284520335 -0.00263936421834
166554881.35873482 -0.00974141992629 0.00309284520335 -0.00263936421834
166554881.36381143 -0.00974141992629 0.00309284520335 -0.00263936421834
166554881.3688013 -0.00974141992629 0.00309284520335 -0.00263936421834
166554881.3751227 -0.00974141992629 0.00309284520335 -0.00263936421834
166554881.37872213 -0.00974141992629 0.00309284520335 -0.00263936421834
166554881.3844006 -0.00974141992629 0.00309284520335 -0.00263936421834
166554881.38942075 -0.00974141992629 0.00309284520335 -0.00263936421834
166554881.3939693 -0.00974141992629 0.00309284520335 -0.00263936421834
166554881.3988678 -0.00974141992629 0.00309284520335 -0.00263936421834
166554881.40386054 -0.00974141992629 0.00309284520335 -0.00263936421834
166554881.40932494 0.00520269712433 0.00406474946067 0.000371278467355
166554881.41377378 0.00520269712433 0.00406474946067 0.000371278467355
166554881.41869605 0.00520269712433 0.00406474946067 0.000371278467355
166554881.42376238 0.00520269712433 0.00406474946067 0.000371278467355
166554881.42887068 0.00520269712433 0.00406474946067 0.000371278467355
166554881.43373922 0.00520269712433 0.00406474946067 0.000371278467355
166554881.4390997 0.00520269712433 0.00406474946067 0.000371278467355
166554881.44380018 0.00520269712433 0.00406474946067 0.000371278467355
166554881.44914898 0.00520269712433 0.00406474946067 0.000371278467355
166554881.45390326 0.00520269712433 0.00406474946067 0.000371278467355
166554881.45879966 0.00520269712433 0.00406474946067 0.000371278467355
166554881.46381155 0.00520269712433 0.00406474946067 0.000371278467355
166554881.4687224 0.00520269712433 0.00406474946067 0.000371278467355
166554881.47391206 0.0169450882822 0.00113948306534 0.0025913559366
166554881.47872376 0.0169450882822 0.00113948306534 0.0025913559366
166554881.48381773 0.0169450882822 0.00113948306534 0.0025913559366
166554881.48897097 0.0169450882822 0.00113948306534 0.0025913559366
166554881.49382335 0.0169450882822 0.00113948306534 0.0025913559366
166554881.49907705 0.0169450882822 0.00113948306534 0.0025913559366
166554881.5044007 0.0169450882822 0.00113948306534 0.0025913559366
166554881.50898746 0.0169450882822 0.00113948306534 0.0025913559366
166554881.51377478 0.0169450882822 0.00113948306534 0.0025913559366
166554881.51898843 0.0169450882822 0.00113948306534 0.0025913559366
166554881.52378562 0.0169450882822 0.00113948306534 0.0025913559366
166554881.52870926 0.0169450882822 0.00113948306534 0.0025913559366
166554881.5338348 0.0169450882822 0.00113948306534 0.0025913559366
166554881.53873417 0.0198383294046 -0.00201356806792 0.00322120869532
166554881.5438343 0.0198383294046 -0.00201356806792 0.00322120869532
166554881.54874155 0.0198383294046 -0.00201356806792 0.00322120869532
166554881.55401865 0.0198383294046 -0.00201356806792 0.00322120869532
166554881.55916145 0.0198383294046 -0.00201356806792 0.00322120869532
166554881.56380343 0.0198383294046 -0.00201356806792 0.00322120869532
166554881.56893 0.0198383294046 -0.00201356806792 0.00322120869532
166554881.57378387 0.0198383294046 -0.00201356806792 0.00322120869532
166554881.57879642 0.0198383294046 -0.00201356806792 0.00322120869532
166554881.58391732 0.0198383294046 -0.00201356806792 0.00322120869532
166554881.58878654 0.0198383294046 -0.00201356806792 0.00322120869532
166554881.59386677 0.0198383294046 -0.00201356806792 0.00322120869532
166554881.59886158 0.0198383294046 -0.00201356806792 0.00322120869532
166554881.6037476 0.0198383294046 -0.00201356806792 0.00322120869532
166554881.6088184 0.0168475098908 0.000305020133965 0.00354489660822
166554881.61381406 0.0168475098908 0.000305020133965 0.00354489660822
166554881.6187462 0.0168475098908 0.000305020133965 0.00354489660822
166554881.62371224 0.0168475098908 0.000305020133965 0.00354489660822
166554881.62870994 0.0168475098908 0.000305020133965 0.00354489660822
166554881.63403356 0.0168475098908 0.000305020133965 0.00354489660822
166554881.6389347 0.0168475098908 0.000305020133965 0.00354489660822
166554881.64415222 0.0168475098908 0.000305020133965 0.00354489660822
166554881.64879772 0.0168475098908 0.000305020133965 0.00354489660822
166554881.65375867 0.0168475098908 0.000305020133965 0.00354489660822
166554881.65883654 0.0168475098908 0.000305020133965 0.00354489660822
166554881.6638425 0.0168475098908 0.000305020133965 0.00354489660822
166554881.66893086 0.0168475098908 0.000305020133965 0.00354489660822
166554881.67374203 0.0127026243135 0.00579604087397 0.00305578112602
166554881.6787441 0.0127026243135 0.00579604087397 0.00305578112602
166554881.68392497 0.0127026243135 0.00579604087397 0.00305578112602
166554881.68876123 0.0127026243135 0.00579604087397 0.00305578112602
166554881.69376194 0.0127026243135 0.00579604087397 0.00305578112602
166554881.6987538 0.0127026243135 0.00579604087397 0.00305578112602
166554881.7042475 0.0127026243135 0.00579604087397 0.00305578112602
166554881.70880657 0.0127026243135 0.00579604087397 0.00305578112602
166554881.7137207 0.0127026243135 0.00579604087397 0.00305578112602
166554881.7187768 0.0127026243135 0.00579604087397 0.00305578112602
166554881.72389174 0.0127026243135 0.00579604087397 0.00305578112602
166554881.7287208 0.0127026243135 0.00579604087397 0.00305578112602
166554881.73394623 0.0127026243135 0.00579604087397 0.00305578112602
166554881.7387264 0.0254247114062 0.00607503391802 0.00463658571243
166554881.74466044 0.0254247114062 0.00607503391802 0.00463658571243
166554881.7515916 0.0254247114062 0.00607503391802 0.00463658571243
166554881.75433323 0.0254247114062 0.00607503391802 0.00463658571243
166554881.75873396 0.0254247114062 0.00607503391802 0.00463658571243
166554881.76395908 0.0254247114062 0.00607503391802 0.00463658571243
166554881.76877218 0.0254247114062 0.00607503391802 0.00463658571243
166554881.77376494 0.0254247114062 0.00607503391802 0.00463658571243
166554881.77870172 0.0254247114062 0.00607503391802 0.00463658571243
166554881.78379524 0.0254247114062 0.00607503391802 0.00463658571243
166554881.78873155 0.0254247114062 0.00607503391802 0.00463658571243
166554881.7941019 0.0254247114062 0.00607503391802 0.00463658571243
166554881.798921 0.0254247114062 0.00607503391802 0.00463658571243
166554881.8040161 0.0254247114062 0.00607503391802 0.00463658571243
166554881.80889294 0.0610610358417 -0.00806167442352 0.00998924672604
166554881.81378695 0.0610610358417 -0.00806167442352 0.00998924672604
166554881.8186998 0.0610610358417 -0.00806167442352 0.00998924672604
166554881.82375926 0.0610610358417 -0.00806167442352 0.00998924672604
166554881.8287723 0.0610610358417 -0.00806167442352 0.00998924672604
166554881.83374915 0.0610610358417 -0.00806167442352 0.00998924672604
166554881.83881974 0.0610610358417 -0.00806167442352 0.00998924672604
166554881.84375992 0.0610610358417 -0.00806167442352 0.00998924672604
166554881.84882316 0.0610610358417 -0.00806167442352 0.00998924672604
166554881.85431832 0.0610610358417 -0.00806167442352 0.00998924672604
166554881.8597539 0.0610610358417 -0.00806167442352 0.00998924672604
166554881.86383215 0.0610610358417 -0.00806167442352 0.00998924672604
166554881.86868623 0.0610610358417 -0.00806167442352 0.00998924672604
166554881.87375486 0.106438152492 -0.00192508730106 0.0419766120613
166554881.87870312 0.106438152492 -0.00192508730106 0.0419766120613
166554881.88372037 0.106438152492 -0.00192508730106 0.0419766120613
166554881.88903016 0.106438152492 -0.00192508730106 0.0419766120613
166554881.8940571 0.106438152492 -0.00192508730106 0.0419766120613
166554881.89886436 0.106438152492 -0.00192508730106 0.0419766120613
166554881.9038083 0.106438152492 -0.00192508730106 0.0419766120613
166554881.90886045 0.106438152492 -0.00192508730106 0.0419766120613
166554881.91378418 0.106438152492 -0.00192508730106 0.0419766120613
166554881.91876206 0.106438152492 -0.00192508730106 0.0419766120613
166554881.92383644 0.106438152492 -0.00192508730106 0.0419766120613
166554881.9291162 0.106438152492 -0.00192508730106 0.0419766120613
166554881.9344101 0.106438152492 -0.00192508730106 0.0419766120613
166554881.93871206 0.106438152492 -0.00192508730106 0.0419766120613
166554881.9437692 0.0908870622516 -0.0173840075731 0.068523094058
166554881.94893056 0.0908870622516 -0.0173840075731 0.068523094058
166554881.95384026 0.0908870622516 -0.0173840075731 0.068523094058
166554881.9588188 0.0908870622516 -0.0173840075731 0.068523094058
166554881.963747 0.0908870622516 -0.0173840075731 0.068523094058
166554881.9689677 0.0908870622516 -0.0173840075731 0.068523094058
166554881.97390205 0.0908870622516 -0.0173840075731 0.068523094058
166554881.978699 0.0908870622516 -0.0173840075731 0.068523094058
166554881.98370358 0.0908870622516 -0.0173840075731 0.068523094058
166554881.98877117 0.0908870622516 -0.0173840075731 0.068523094058
166554881.99378708 0.0908870622516 -0.0173840075731 0.068523094058
166554881.99935287 0.0908870622516 -0.0173840075731 0.068523094058
166554882.00404242 0.0908870622516 -0.0173840075731 0.068523094058
166554882.00883687 0.0531424842775 -0.0312499366701 0.0458607785404
166554882.01525053 0.0531424842775 -0.0312499366701 0.0458607785404
166554882.0188397 0.0531424842775 -0.0312499366701 0.0458607785404
166554882.02373576 0.0531424842775 -0.0312499366701 0.0458607785404
166554882.0290378 0.0531424842775 -0.0312499366701 0.0458607785404
166554882.03382573 0.0531424842775 -0.0312499366701 0.0458607785404
166554882.0391266 0.0531424842775 -0.0312499366701 0.0458607785404
166554882.04378933 0.0531424842775 -0.0312499366701 0.0458607785404
166554882.04870942 0.0531424842775 -0.0312499366701 0.0458607785404
166554882.05419838 0.0531424842775 -0.0312499366701 0.0458607785404
166554882.05878478 0.0531424842775 -0.0312499366701 0.0458607785404
166554882.06378195 0.0531424842775 -0.0312499366701 0.0458607785404
166554882.06979328 0.0531424842775 -0.0312499366701 0.0458607785404
166554882.0738591 0.0377874784172 -0.0363175198436 -0.0811796560884
166554882.07873243 0.0377874784172 -0.0363175198436 -0.0811796560884
166554882.0838262 0.0377874784172 -0.0363175198436 -0.0811796560884
166554882.08946228 0.0377874784172 -0.0363175198436 -0.0811796560884
166554882.09412906 0.0377874784172 -0.0363175198436 -0.0811796560884
166554882.09884655 0.0377874784172 -0.0363175198436 -0.0811796560884
166554882.10380277 0.0377874784172 -0.0363175198436 -0.0811796560884
166554882.1087438 0.0377874784172 -0.0363175198436 -0.0811796560884
166554882.11388096 0.0377874784172 -0.0363175198436 -0.0811796560884
166554882.11869907 0.0377874784172 -0.0363175198436 -0.0811796560884
166554882.12377802 0.0377874784172 -0.0363175198436 -0.0811796560884
166554882.1292105 0.0377874784172 -0.0363175198436 -0.0811796560884
166554882.13378444 0.0377874784172 -0.0363175198436 -0.0811796560884
166554882.1395147 0.0377874784172 -0.0363175198436 -0.0811796560884
166554882.1438028 -0.00491134636104 -0.0399587489665 -0.221619382501
166554882.14878017 -0.00491134636104 -0.0399587489665 -0.221619382501
166554882.15403143 -0.00491134636104 -0.0399587489665 -0.221619382501
166554882.15871218 -0.00491134636104 -0.0399587489665 -0.221619382501
166554882.16377938 -0.00491134636104 -0.0399587489665 -0.221619382501
166554882.16910422 -0.00491134636104 -0.0399587489665 -0.221619382501
166554882.17402145 -0.00491134636104 -0.0399587489665 -0.221619382501
166554882.17872977 -0.00491134636104 -0.0399587489665 -0.221619382501
166554882.18380135 -0.00491134636104 -0.0399587489665 -0.221619382501
166554882.1887439 -0.00491134636104 -0.0399587489665 -0.221619382501
166554882.1939266 -0.00491134636104 -0.0399587489665 -0.221619382501
166554882.1987575 -0.00491134636104 -0.0399587489665 -0.221619382501
166554882.20388067 -0.00491134636104 -0.0399587489665 -0.221619382501
166554882.20902136 -0.29436442256 0.0128020206466 -0.00181577343028
166554882.21382213 -0.29436442256 0.0128020206466 -0.00181577343028
166554882.2187457 -0.29436442256 0.0128020206466 -0.00181577343028
166554882.22389087 -0.29436442256 0.0128020206466 -0.00181577343028
166554882.2289068 -0.29436442256 0.0128020206466 -0.00181577343028
166554882.23380372 -0.29436442256 0.0128020206466 -0.00181577343028
166554882.23881075 -0.29436442256 0.0128020206466 -0.00181577343028
166554882.24413547 -0.29436442256 0.0128020206466 -0.00181577343028
166554882.24888894 -0.29436442256 0.0128020206466 -0.00181577343028
166554882.2540599 -0.29436442256 0.0128020206466 -0.00181577343028
166554882.25898227 -0.29436442256 0.0128020206466 -0.00181577343028
166554882.2650422 -0.29436442256 0.0128020206466 -0.00181577343028
166554882.26883808 -0.29436442256 0.0128020206466 -0.00181577343028
166554882.27390188 -0.178022935987 0.0382970869541 0.137874498963
166554882.27882 -0.178022935987 0.0382970869541 0.137874498963
166554882.28415245 -0.178022935987 0.0382970869541 0.137874498963
166554882.28882858 -0.178022935987 0.0382970869541 0.137874498963
166554882.29386932 -0.178022935987 0.0382970869541 0.137874498963
166554882.29915926 -0.178022935987 0.0382970869541 0.137874498963
166554882.30382177 -0.178022935987 0.0382970869541 0.137874498963
166554882.30911216 -0.178022935987 0.0382970869541 0.137874498963
166554882.3137969 -0.178022935987 0.0382970869541 0.137874498963
166554882.3191709 -0.178022935987 0.0382970869541 0.137874498963
166554882.32373333 -0.178022935987 0.0382970869541 0.137874498963
166554882.32875195 -0.178022935987 0.0382970869541 0.137874498963
166554882.33395863 -0.178022935987 0.0382970869541 0.137874498963
166554882.3392648 -0.178022935987 0.0382970869541 0.137874498963
166554882.34398097 0.0853834152222 0.0241645015776 0.134521082044
166554882.3491674 0.0853834152222 0.0241645015776 0.134521082044
166554882.35378695 0.0853834152222 0.0241645015776 0.134521082044
166554882.35878524 0.0853834152222 0.0241645015776 0.134521082044
166554882.3638286 0.0853834152222 0.0241645015776 0.134521082044
166554882.36910278 0.0853834152222 0.0241645015776 0.134521082044
166554882.37478113 0.0853834152222 0.0241645015776 0.134521082044
166554882.37878484 0.0853834152222 0.0241645015776 0.134521082044
166554882.38377878 0.0853834152222 0.0241645015776 0.134521082044
166554882.38880396 0.0853834152222 0.0241645015776 0.134521082044
166554882.3937131 0.0853834152222 0.0241645015776 0.134521082044
166554882.39882562 0.0853834152222 0.0241645015776 0.134521082044
166554882.40387163 0.0853834152222 0.0241645015776 0.134521082044
166554882.40916625 0.23038174212 0.0112067069858 0.0605073869228
166554882.4137821 0.23038174212 0.0112067069858 0.0605073869228
166554882.4188815 0.23038174212 0.0112067069858 0.0605073869228
166554882.42380124 0.23038174212 0.0112067069858 0.0605073869228
166554882.42870086 0.23038174212 0.0112067069858 0.0605073869228
166554882.43376645 0.23038174212 0.0112067069858 0.0605073869228
166554882.44000107 0.23038174212 0.0112067069858 0.0605073869228
166554882.44382104 0.23038174212 0.0112067069858 0.0605073869228
166554882.44935098 0.23038174212 0.0112067069858 0.0605073869228
166554882.45441514 0.23038174212 0.0112067069858 0.0605073869228
166554882.45879778 0.23038174212 0.0112067069858 0.0605073869228
166554882.46382344 0.23038174212 0.0112067069858 0.0605073869228
166554882.4689234 0.23038174212 0.0112067069858 0.0605073869228
166554882.4737408 0.236526221037 -0.00534244207665 -0.0128708072007
166554882.47875604 0.236526221037 -0.00534244207665 -0.0128708072007
166554882.48369893 0.236526221037 -0.00534244207665 -0.0128708072007
166554882.48868838 0.236526221037 -0.00534244207665 -0.0128708072007
166554882.49376497 0.236526221037 -0.00534244207665 -0.0128708072007
166554882.49869394 0.236526221037 -0.00534244207665 -0.0128708072007
166554882.50406107 0.236526221037 -0.00534244207665 -0.0128708072007
166554882.50869584 0.236526221037 -0.00534244207665 -0.0128708072007
166554882.51380137 0.236526221037 -0.00534244207665 -0.0128708072007
166554882.5187099 0.236526221037 -0.00534244207665 -0.0128708072007
166554882.5237358 0.236526221037 -0.00534244207665 -0.0128708072007
166554882.5289209 0.236526221037 -0.00534244207665 -0.0128708072007
166554882.53434408 0.236526221037 -0.00534244207665 -0.0128708072007
166554882.5387073 0.195071905851 -0.0198562704027 -0.0493963100016
166554882.54436454 0.195071905851 -0.0198562704027 -0.0493963100016
166554882.5487238 0.195071905851 -0.0198562704027 -0.0493963100016
166554882.55421537 0.195071905851 -0.0198562704027 -0.0493963100016
166554882.558815 0.195071905851 -0.0198562704027 -0.0493963100016
166554882.56375355 0.195071905851 -0.0198562704027 -0.0493963100016
166554882.56884345 0.195071905851 -0.0198562704027 -0.0493963100016
166554882.57383353 0.195071905851 -0.0198562704027 -0.0493963100016
166554882.57877773 0.195071905851 -0.0198562704027 -0.0493963100016
166554882.58383793 0.195071905851 -0.0198562704027 -0.0493963100016
166554882.58874467 0.195071905851 -0.0198562704027 -0.0493963100016
166554882.59391427 0.195071905851 -0.0198562704027 -0.0493963100016
166554882.59868154 0.195071905851 -0.0198562704027 -0.0493963100016
166554882.60378554 0.195071905851 -0.0198562704027 -0.0493963100016
166554882.60985085 0.164616450667 -0.0257373228669 -0.051346950233
166554882.61426988 0.164616450667 -0.0257373228669 -0.051346950233
166554882.61871132 0.164616450667 -0.0257373228669 -0.051346950233
166554882.6237751 0.164616450667 -0.0257373228669 -0.051346950233
166554882.6287704 0.164616450667 -0.0257373228669 -0.051346950233
166554882.63385704 0.164616450667 -0.0257373228669 -0.051346950233
166554882.63870835 0.164616450667 -0.0257373228669 -0.051346950233
166554882.64454788 0.164616450667 -0.0257373228669 -0.051346950233
166554882.6487349 0.164616450667 -0.0257373228669 -0.051346950233
166554882.65496352 0.164616450667 -0.0257373228669 -0.051346950233
166554882.6587941 0.164616450667 -0.0257373228669 -0.051346950233
166554882.66385224 0.164616450667 -0.0257373228669 -0.051346950233
166554882.66886744 0.164616450667 -0.0257373228669 -0.051346950233
166554882.67376983 0.129801273346 -0.0192261226475 -0.0402647405863
166554882.67917424 0.129801273346 -0.0192261226475 -0.0402647405863
166554882.6839658 0.129801273346 -0.0192261226475 -0.0402647405863
166554882.6887768 0.129801273346 -0.0192261226475 -0.0402647405863
166554882.69380805 0.129801273346 -0.0192261226475 -0.0402647405863
166554882.69875902 0.129801273346 -0.0192261226475 -0.0402647405863
166554882.70384562 0.129801273346 -0.0192261226475 -0.0402647405863
166554882.70875582 0.129801273346 -0.0192261226475 -0.0402647405863
166554882.71409002 0.129801273346 -0.0192261226475 -0.0402647405863
166554882.72044742 0.129801273346 -0.0192261226475 -0.0402647405863
166554882.7239784 0.129801273346 -0.0192261226475 -0.0402647405863
166554882.72886264 0.129801273346 -0.0192261226475 -0.0402647405863
166554882.73402455 0.129801273346 -0.0192261226475 -0.0402647405863
166554882.7388247 0.129801273346 -0.0192261226475 -0.0402647405863
166554882.74519733 0.118223682046 -0.00194254505914 -0.0291699431837
166554882.74881625 0.118223682046 -0.00194254505914 -0.0291699431837
166554882.75374153 0.118223682046 -0.00194254505914 -0.0291699431837
166554882.75990316 0.118223682046 -0.00194254505914 -0.0291699431837
166554882.76407248 0.118223682046 -0.00194254505914 -0.0291699431837
166554882.76937184 0.118223682046 -0.00194254505914 -0.0291699431837
166554882.77377462 0.118223682046 -0.00194254505914 -0.0291699431837
166554882.7789748 0.118223682046 -0.00194254505914 -0.0291699431837
166554882.78441012 0.118223682046 -0.00194254505914 -0.0291699431837
166554882.79019496 0.118223682046 -0.00194254505914 -0.0291699431837
166554882.7937612 0.118223682046 -0.00194254505914 -0.0291699431837
166554882.79876393 0.118223682046 -0.00194254505914 -0.0291699431837
166554882.8040467 0.118223682046 -0.00194254505914 -0.0291699431837
166554882.80882293 0.11031576246 0.0135486675426 -0.0181220732629
166554882.81378826 0.11031576246 0.0135486675426 -0.0181220732629
166554882.81870052 0.11031576246 0.0135486675426 -0.0181220732629
166554882.82383844 0.11031576246 0.0135486675426 -0.0181220732629
166554882.82896614 0.11031576246 0.0135486675426 -0.0181220732629
166554882.83374432 0.11031576246 0.0135486675426 -0.0181220732629
166554882.83893156 0.11031576246 0.0135486675426 -0.0181220732629
166554882.8439827 0.11031576246 0.0135486675426 -0.0181220732629
166554882.84890378 0.11031576246 0.0135486675426 -0.0181220732629
166554882.8537472 0.11031576246 0.0135486675426 -0.0181220732629
166554882.85920855 0.11031576246 0.0135486675426 -0.0181220732629
166554882.86374095 0.11031576246 0.0135486675426 -0.0181220732629
166554882.86870944 0.11031576246 0.0135486675426 -0.0181220732629
166554882.87378973 -0.00685152038932 0.00552599923685 3.92602960346e-05
166554882.8792198 -0.00685152038932 0.00552599923685 3.92602960346e-05
166554882.88378087 -0.00685152038932 0.00552599923685 3.92602960346e-05
166554882.8887236 -0.00685152038932 0.00552599923685 3.92602960346e-05
166554882.8939285 -0.00685152038932 0.00552599923685 3.92602960346e-05
166554882.89872944 -0.00685152038932 0.00552599923685 3.92602960346e-05
166554882.90378043 -0.00685152038932 0.00552599923685 3.92602960346e-05
166554882.90941814 -0.00685152038932 0.00552599923685 3.92602960346e-05
166554882.91392863 -0.00685152038932 0.00552599923685 3.92602960346e-05
166554882.918736 -0.00685152038932 0.00552599923685 3.92602960346e-05
166554882.92373678 -0.00685152038932 0.00552599923685 3.92602960346e-05
166554882.92895705 -0.00685152038932 0.00552599923685 3.92602960346e-05
166554882.9339812 -0.00685152038932 0.00552599923685 3.92602960346e-05
166554882.9387252 -0.00685152038932 0.00552599923685 3.92602960346e-05
166554882.94381267 -0.0604882612824 0.000211959384615 0.00593825988472
166554882.94914955 -0.0604882612824 0.000211959384615 0.00593825988472
166554882.95391062 -0.0604882612824 0.000211959384615 0.00593825988472
166554882.95871028 -0.0604882612824 0.000211959384615 0.00593825988472
166554882.96380493 -0.0604882612824 0.000211959384615 0.00593825988472
166554882.9690595 -0.0604882612824 0.000211959384615 0.00593825988472
166554882.97493917 -0.0604882612824 0.000211959384615 0.00593825988472
166554882.97886693 -0.0604882612824 0.000211959384615 0.00593825988472
166554882.98379967 -0.0604882612824 0.000211959384615 0.00593825988472
166554882.9888057 -0.0604882612824 0.000211959384615 0.00593825988472
166554882.99398947 -0.0604882612824 0.000211959384615 0.00593825988472
166554882.9986883 -0.0604882612824 0.000211959384615 0.00593825988472
166554883.0040248 -0.0604882612824 0.000211959384615 0.00593825988472
166554883.0088554 -0.054702565074 7.41008116165e-05 0.00530312862247
166554883.01451987 -0.054702565074 7.41008116165e-05 0.00530312862247
166554883.01897964 -0.054702565074 7.41008116165e-05 0.00530312862247
166554883.0238197 -0.054702565074 7.41008116165e-05 0.00530312862247
166554883.02870813 -0.054702565074 7.41008116165e-05 0.00530312862247
166554883.03402406 -0.054702565074 7.41008116165e-05 0.00530312862247
166554883.0394216 -0.054702565074 7.41008116165e-05 0.00530312862247
166554883.0452959 -0.054702565074 7.41008116165e-05 0.00530312862247
166554883.04895252 -0.054702565074 7.41008116165e-05 0.00530312862247
166554883.05377242 -0.054702565074 7.41008116165e-05 0.00530312862247
166554883.0587456 -0.054702565074 7.41008116165e-05 0.00530312862247
166554883.06384614 -0.054702565074 7.41008116165e-05 0.00530312862247
166554883.0692358 -0.054702565074 7.41008116165e-05 0.00530312862247
166554883.07376924 -0.0423955284059 -0.000340246187989 0.00380973145366
166554883.07870108 -0.0423955284059 -0.000340246187989 0.00380973145366
166554883.08372575 -0.0423955284059 -0.000340246187989 0.00380973145366
166554883.08967796 -0.0423955284059 -0.000340246187989 0.00380973145366
166554883.09398597 -0.0423955284059 -0.000340246187989 0.00380973145366
166554883.09884304 -0.0423955284059 -0.000340246187989 0.00380973145366
166554883.1037872 -0.0423955284059 -0.000340246187989 0.00380973145366
166554883.10880923 -0.0423955284059 -0.000340246187989 0.00380973145366
166554883.11434567 -0.0423955284059 -0.000340246187989 0.00380973145366
166554883.1187109 -0.0423955284059 -0.000340246187989 0.00380973145366
166554883.12379667 -0.0423955284059 -0.000340246187989 0.00380973145366
166554883.12869665 -0.0423955284059 -0.000340246187989 0.00380973145366
166554883.13379866 -0.0423955284059 -0.000340246187989 0.00380973145366
166554883.13884974 -0.0423955284059 -0.000340246187989 0.00380973145366
166554883.14389235 -0.0323564708233 -0.000473923166282 0.00289916829206
166554883.1486976 -0.0323564708233 -0.000473923166282 0.00289916829206
166554883.15371874 -0.0323564708233 -0.000473923166282 0.00289916829206
166554883.15876704 -0.0323564708233 -0.000473923166282 0.00289916829206
166554883.16379425 -0.0323564708233 -0.000473923166282 0.00289916829206
166554883.16878328 -0.0323564708233 -0.000473923166282 0.00289916829206
166554883.17491436 -0.0323564708233 -0.000473923166282 0.00289916829206
166554883.1791079 -0.0323564708233 -0.000473923166282 0.00289916829206
166554883.18408632 -0.0323564708233 -0.000473923166282 0.00289916829206
166554883.1891746 -0.0323564708233 -0.000473923166282 0.00289916829206
166554883.19376996 -0.0323564708233 -0.000473923166282 0.00289916829206
166554883.1988283 -0.0323564708233 -0.000473923166282 0.00289916829206
166554883.203709 -0.0323564708233 -0.000473923166282 0.00289916829206
166554883.20878896 -0.0234496183693 -0.000577192986384 0.00179953151383
166554883.21380168 -0.0234496183693 -0.000577192986384 0.00179953151383
166554883.21875745 -0.0234496183693 -0.000577192986384 0.00179953151383
166554883.22405928 -0.0234496183693 -0.000577192986384 0.00179953151383
166554883.22908208 -0.0234496183693 -0.000577192986384 0.00179953151383
166554883.23381454 -0.0234496183693 -0.000577192986384 0.00179953151383
166554883.2387754 -0.0234496183693 -0.000577192986384 0.00179953151383
166554883.2449128 -0.0234496183693 -0.000577192986384 0.00179953151383
166554883.2490223 -0.0234496183693 -0.000577192986384 0.00179953151383
166554883.25384682 -0.0234496183693 -0.000577192986384 0.00179953151383
166554883.25869253 -0.0234496183693 -0.000577192986384 0.00179953151383
166554883.26417187 -0.0234496183693 -0.000577192986384 0.00179953151383
166554883.26875922 -0.0234496183693 -0.000577192986384 0.00179953151383
166554883.2739276 -0.0170674324036 0.000838661158923 0.00145966524724
166554883.27873316 -0.0170674324036 0.000838661158923 0.00145966524724
166554883.28415322 -0.0170674324036 0.000838661158923 0.00145966524724
166554883.2889075 -0.0170674324036 0.000838661158923 0.00145966524724
166554883.29373118 -0.0170674324036 0.000838661158923 0.00145966524724
166554883.29877928 -0.0170674324036 0.000838661158923 0.00145966524724
166554883.30386063 -0.0170674324036 0.000838661158923 0.00145966524724
166554883.30872864 -0.0170674324036 0.000838661158923 0.00145966524724
166554883.31397045 -0.0170674324036 0.000838661158923 0.00145966524724
166554883.31885982 -0.0170674324036 0.000838661158923 0.00145966524724
166554883.3238179 -0.0170674324036 0.000838661158923 0.00145966524724
166554883.3287843 -0.0170674324036 0.000838661158923 0.00145966524724
166554883.33387727 -0.0170674324036 0.000838661158923 0.00145966524724
166554883.33872432 -0.0170674324036 0.000838661158923 0.00145966524724
166554883.34378245 -0.0124705368653 0.000919266953133 0.000976352021098
166554883.34903452 -0.0124705368653 0.000919266953133 0.000976352021098
166554883.35472873 -0.0124705368653 0.000919266953133 0.000976352021098
166554883.35911924 -0.0124705368653 0.000919266953133 0.000976352021098
166554883.36374554 -0.0124705368653 0.000919266953133 0.000976352021098
166554883.36877826 -0.0124705368653 0.000919266953133 0.000976352021098
166554883.37373403 -0.0124705368653 0.000919266953133 0.000976352021098
166554883.37878993 -0.0124705368653 0.000919266953133 0.000976352021098
166554883.38397 -0.0124705368653 0.000919266953133 0.000976352021098
166554883.3887334 -0.0124705368653 0.000919266953133 0.000976352021098
166554883.39375806 -0.0124705368653 0.000919266953133 0.000976352021098
166554883.39887106 -0.0124705368653 0.000919266953133 0.000976352021098
166554883.4049069 -0.0124705368653 0.000919266953133 0.000976352021098
166554883.40873188 -0.00915693305433 0.00112864421681 0.000714221736416
166554883.41372916 -0.00915693305433 0.00112864421681 0.000714221736416
166554883.41888535 -0.00915693305433 0.00112864421681 0.000714221736416
166554883.42399928 -0.00915693305433 0.00112864421681 0.000714221736416
166554883.4288885 -0.00915693305433 0.00112864421681 0.000714221736416
166554883.43371102 -0.00915693305433 0.00112864421681 0.000714221736416
166554883.4387917 -0.00915693305433 0.00112864421681 0.000714221736416
166554883.44381964 -0.00915693305433 0.00112864421681 0.000714221736416
166554883.44872093 -0.00915693305433 0.00112864421681 0.000714221736416
166554883.45371258 -0.00915693305433 0.00112864421681 0.000714221736416
166554883.45871615 -0.00915693305433 0.00112864421681 0.000714221736416
166554883.4637949 -0.00915693305433 0.00112864421681 0.000714221736416
166554883.46941784 -0.00915693305433 0.00112864421681 0.000714221736416
166554883.47378808 -0.00661134626716 0.000303177977912 0.000300939020235
166554883.47870734 -0.00661134626716 0.000303177977912 0.000300939020235
166554883.4837785 -0.00661134626716 0.000303177977912 0.000300939020235
166554883.48873237 -0.00661134626716 0.000303177977912 0.000300939020235
166554883.49383572 -0.00661134626716 0.000303177977912 0.000300939020235
166554883.49991605 -0.00661134626716 0.000303177977912 0.000300939020235
166554883.5037607 -0.00661134626716 0.000303177977912 0.000300939020235
166554883.50872484 -0.00661134626716 0.000303177977912 0.000300939020235
166554883.5138006 -0.00661134626716 0.000303177977912 0.000300939020235