     0/299     1.09G   0.09155    0.0473   0.03287    0.1717       125       640  0.004049  0.006353 0.0006523 0.0001205    0.1459    0.1403   0.03721
     1/299     8.19G   0.08312    0.0533     0.027    0.1634       457       640    0.1208   0.04923  0.006218  0.001421    0.1372    0.1682   0.03225
     2/299     8.19G    0.0767    0.0585   0.02565    0.1608       358       640    0.2317   0.08035   0.01625  0.004361    0.1371     0.169   0.03185
     3/299      8.2G   0.07004   0.06224   0.02454    0.1568       264       640    0.4654   0.08725   0.03822   0.01272      0.13     0.173   0.03183
     4/299     7.29G    0.0652   0.06458   0.02335    0.1531       339       640     0.412    0.1152   0.05505   0.01978    0.1268    0.1771   0.03122
     5/299     7.29G   0.06198   0.06532    0.0224    0.1497       249       640    0.2983    0.1369   0.06524   0.02561    0.1273    0.1738   0.03147
     6/299     7.29G   0.05992   0.06595   0.02128    0.1472       259       640    0.3092    0.1516   0.07438   0.03038    0.1256    0.1776   0.03191
     7/299     7.29G   0.05845   0.06618   0.02018    0.1448       168       640     0.368    0.1525   0.09174   0.03766    0.1234    0.1805   0.03164
     8/299     7.29G   0.05743   0.06664   0.01891     0.143       225       640    0.3649     0.183     0.104   0.04364    0.1229    0.1811   0.03116
     9/299     7.29G   0.05697   0.06612   0.01785    0.1409       152       640    0.3816    0.1731    0.1134   0.04814    0.1214     0.184   0.03115
    10/299     7.29G   0.05634    0.0666   0.01693    0.1399       116       640    0.2649    0.1949    0.1176   0.05055    0.1207    0.1855    0.0316
    11/299     7.29G   0.05596   0.06623   0.01625    0.1384       262       640    0.3154    0.1819    0.1302   0.05644    0.1196    0.1884    0.0317
    12/299     7.29G   0.05542   0.06593   0.01576    0.1371       318       640    0.3926    0.2014    0.1332   0.05967    0.1189    0.1888   0.03257
    13/299     12.1G   0.05523   0.06588   0.01535    0.1365       162       640    0.4497    0.1834    0.1426   0.06366    0.1172    0.1965   0.03249
    14/299     12.1G   0.05439   0.06603   0.01474    0.1352        42       640    0.3233     0.203    0.1516   0.06869    0.1167    0.1967    0.0328
    15/299     12.1G   0.05433   0.06742   0.01461    0.1364       257       640    0.3998    0.1927    0.1605   0.07263    0.1151    0.2026   0.03275
    16/299     12.1G   0.05398   0.06725   0.01445    0.1357       449       640    0.3403    0.2005    0.1629   0.07415    0.1133    0.2062   0.03352
    17/299     12.1G   0.05388   0.06846   0.01401    0.1364       230       640    0.3737    0.2145    0.1701   0.07856    0.1115    0.2101   0.03366
    18/299     12.1G    0.0537   0.06833   0.01363    0.1357       121       640    0.2528    0.2445    0.1782    0.0818    0.1115    0.2107   0.03473
    19/299     12.1G   0.05347   0.06761   0.01344    0.1345       295       640    0.3791    0.2316     0.186   0.08578    0.1114    0.2103   0.03629
    20/299     12.1G   0.05333    0.0679   0.01306    0.1343       183       640    0.2844     0.256    0.1878   0.08649     0.111    0.2133   0.03629
    21/299     12.1G   0.05307   0.06751   0.01281    0.1334       215       640    0.3328    0.2424    0.1993   0.09249    0.1107    0.2122    0.0369
    22/299     12.1G   0.05303   0.06869   0.01277    0.1345       257       640    0.2587    0.2914     0.202   0.09451    0.1104    0.2118   0.03688
    23/299     12.1G   0.05276   0.06788   0.01262    0.1333       189       640    0.3171    0.2593    0.2051    0.0964    0.1109    0.2141   0.03759
    24/299     12.1G   0.05251   0.06834   0.01238    0.1332       177       640    0.2981     0.269    0.2103   0.09937    0.1099    0.2159   0.03811
    25/299     12.1G    0.0524   0.06843   0.01226    0.1331       272       640    0.2978    0.2918    0.2155    0.1016      0.11    0.2157   0.03817
    26/299     12.1G   0.05218   0.06892   0.01208    0.1332       218       640    0.2744     0.304    0.2188    0.1027    0.1097    0.2186   0.03862
    27/299     12.1G    0.0519   0.06766   0.01193    0.1315       126       640     0.295    0.3026    0.2264    0.1079    0.1096    0.2199   0.03848
    28/299     12.1G   0.05215   0.06861   0.01197    0.1327       184       640    0.3468    0.2771    0.2322    0.1095    0.1092    0.2213   0.03807
    29/299     12.1G   0.05184   0.06747   0.01172     0.131       511       640    0.2915    0.3032    0.2288    0.1095    0.1096    0.2161   0.03898
    30/299     12.1G     0.052   0.06819   0.01179     0.132       128       640    0.3019    0.3044    0.2342    0.1119    0.1091    0.2207   0.03897
    31/299     12.1G   0.05169   0.06861   0.01157    0.1319       152       640    0.3252     0.298    0.2372    0.1142    0.1093    0.2203   0.03959
    32/299     12.1G   0.05142   0.06785   0.01154    0.1308       282       640    0.3428    0.2906    0.2407    0.1154    0.1088    0.2228   0.03951
    33/299     12.1G   0.05133   0.06859   0.01138    0.1313       343       640    0.3229    0.3055    0.2462     0.118    0.1092    0.2179   0.03949
    34/299     12.1G   0.05119   0.06761   0.01129    0.1301       144       640    0.3404    0.3045    0.2489      0.12    0.1089    0.2201    0.0401
    35/299     12.1G   0.05111   0.06818   0.01119    0.1305        67       640    0.3454    0.3044    0.2544    0.1235    0.1084    0.2237   0.03994
    36/299     12.1G   0.05118   0.06662   0.01117     0.129       357       640    0.3636    0.3028    0.2545    0.1244    0.1087    0.2205   0.03999
    37/299     12.1G   0.05088    0.0671   0.01109    0.1291       192       640     0.374       0.3    0.2596    0.1254    0.1082     0.223   0.03983
    38/299     12.1G   0.05101    0.0673   0.01116    0.1295       130       640    0.3715       0.3    0.2592    0.1263    0.1082    0.2225   0.04014
    39/299     12.1G   0.05078   0.06812   0.01085    0.1298       557       640    0.3793    0.2973    0.2601    0.1282    0.1084    0.2219   0.04017
    40/299     12.1G   0.05058   0.06671   0.01079    0.1281       283       640    0.3527     0.317    0.2623    0.1291    0.1084    0.2228   0.03979
    41/299     12.1G   0.05056    0.0671   0.01077    0.1284       396       640    0.3404    0.3262    0.2631    0.1297    0.1081    0.2232   0.04076
    42/299     12.1G   0.05045   0.06655   0.01066    0.1277       308       640    0.4079    0.2987    0.2703    0.1342     0.108    0.2226   0.04094
    43/299     12.1G   0.05016   0.06768   0.01069    0.1285       195       640      0.36    0.3274    0.2714    0.1339    0.1079    0.2259   0.04099
    44/299     12.1G    0.0501    0.0666   0.01061    0.1273       364       640    0.3849     0.319    0.2758    0.1363    0.1078    0.2218   0.04086
    45/299     12.1G    0.0503   0.06777   0.01058    0.1286       146       640    0.3993    0.3085    0.2741    0.1353    0.1079    0.2231   0.04066
    46/299     12.1G   0.05004   0.06807   0.01045    0.1286       106       640    0.3758    0.3258    0.2792     0.139    0.1076     0.222   0.04124
    47/299     12.1G    0.0499   0.06775   0.01035     0.128       187       640    0.3946    0.3171    0.2811    0.1407    0.1074    0.2258     0.041
    48/299     12.1G   0.05008   0.06686   0.01049    0.1274       123       640    0.3832    0.3255    0.2817    0.1405    0.1075    0.2265   0.04123
    49/299     12.1G   0.04994   0.06718   0.01039    0.1275       250       640    0.4044    0.3162    0.2828    0.1414    0.1074    0.2255   0.04136
    50/299     12.1G   0.04995   0.06692    0.0104    0.1273        87       640    0.4091    0.3187    0.2859    0.1433    0.1074     0.224   0.04098
    51/299     8.42G    0.0496   0.06707    0.0102    0.1269       419       640    0.4099    0.3212    0.2897    0.1441    0.1072    0.2254   0.04165
    52/299     8.42G   0.04973   0.06732   0.01025    0.1273       227       640      0.41    0.3237    0.2892    0.1449     0.107    0.2263   0.04143
    53/299     8.42G   0.04957   0.06749   0.01022    0.1273       159       640    0.4141    0.3268     0.294    0.1481    0.1069    0.2274   0.04158
    54/299     8.42G   0.04961   0.06689   0.01012    0.1266       287       640    0.4127    0.3209    0.2905    0.1463    0.1069    0.2272   0.04161
    55/299     8.42G   0.04941    0.0661   0.01009    0.1256       120       640     0.436    0.3184    0.2938     0.148     0.107    0.2255   0.04157
    56/299     8.42G   0.04941   0.06798   0.01016    0.1275       387       640    0.4117    0.3273    0.2962     0.149     0.107    0.2273   0.04176
    57/299     8.42G   0.04931   0.06678  0.009981    0.1261       112       640    0.4074    0.3325    0.2981    0.1503    0.1069    0.2285   0.04134
    58/299     8.42G    0.0493   0.06659   0.01007     0.126       482       640    0.3924    0.3405    0.2975    0.1502    0.1069    0.2275   0.04182
    59/299     8.42G   0.04945   0.06689   0.01007    0.1264       155       640    0.3953    0.3449    0.3005    0.1523    0.1065    0.2283   0.04168
    60/299     8.42G   0.04903   0.06741   0.00987    0.1263        61       640    0.3971    0.3444    0.3028    0.1531    0.1063    0.2297   0.04176
    61/299     8.42G   0.04895   0.06665  0.009806    0.1254       205       640    0.4014    0.3428    0.3034    0.1539    0.1063    0.2312   0.04176
    62/299     8.42G   0.04918   0.06684  0.009855    0.1259       106       640     0.419    0.3362    0.3036    0.1541    0.1065    0.2281   0.04197
    63/299     8.42G   0.04905   0.06639  0.009741    0.1252        40       640    0.4058    0.3394    0.3054    0.1546    0.1063    0.2283   0.04182
    64/299     8.73G   0.04898   0.06722  0.009863    0.1261        27       640    0.4178    0.3313    0.3043    0.1544    0.1063    0.2286   0.04178
    65/299     8.73G   0.04907    0.0661  0.009704    0.1249       285       640    0.4177    0.3361    0.3046    0.1552    0.1062    0.2292   0.04211
    66/299     8.73G   0.04875   0.06701  0.009614    0.1254        84       640    0.4255    0.3378    0.3074    0.1568    0.1064    0.2296   0.04194
    67/299     8.73G   0.04891    0.0662  0.009724    0.1248       507       640     0.423    0.3427    0.3106    0.1582    0.1063    0.2294   0.04219
    68/299     8.73G   0.04871   0.06638  0.009603    0.1247       351       640    0.3874    0.3668    0.3121    0.1587    0.1061    0.2305   0.04204
    69/299     8.73G   0.04873   0.06629  0.009584    0.1246       311       640    0.4048    0.3515    0.3111    0.1587    0.1064    0.2292   0.04227
    70/299     8.73G   0.04883   0.06658  0.009629     0.125       311       640    0.4399    0.3364    0.3109    0.1594     0.106    0.2309   0.04211
    71/299     8.73G   0.04864   0.06633   0.00957    0.1245       108       640    0.4024     0.356    0.3152    0.1611    0.1059    0.2311   0.04244
    72/299     8.73G   0.04845   0.06671  0.009446    0.1246       157       640    0.4277    0.3472    0.3142      0.16    0.1058    0.2313   0.04224
    73/299     8.73G   0.04846   0.06642  0.009486    0.1244       217       640    0.4188      0.35    0.3153    0.1622    0.1058    0.2317   0.04233
    74/299     8.73G   0.04845   0.06684  0.009414    0.1247        74       640    0.4118    0.3524    0.3147    0.1608    0.1057    0.2309    0.0422
    75/299     8.73G    0.0486   0.06707  0.009394    0.1251       114       640    0.4328    0.3422    0.3163    0.1626    0.1058    0.2317   0.04245
    76/299     8.73G   0.04846   0.06628  0.009328    0.1241       400       640    0.4127    0.3561    0.3186    0.1648    0.1056    0.2327   0.04227
    77/299     8.73G   0.04859   0.06666  0.009345    0.1246       133       640    0.4519    0.3374     0.319    0.1649    0.1058    0.2313   0.04252
    78/299     8.73G   0.04842   0.06662  0.009353    0.1244       297       640    0.4482    0.3433    0.3212    0.1666    0.1059    0.2317   0.04256
    79/299     8.73G   0.04827   0.06639  0.009305     0.124       224       640    0.4403    0.3425    0.3192    0.1658    0.1057    0.2322   0.04232
    80/299     8.73G   0.04832   0.06708  0.009275    0.1247       206       640    0.4125    0.3584    0.3223    0.1672    0.1056    0.2328   0.04246
    81/299     8.73G   0.04823   0.06665  0.009197    0.1241       392       640    0.4556    0.3376     0.321    0.1674    0.1054    0.2338   0.04258
    82/299     8.73G   0.04818   0.06581  0.009204    0.1232       213       640    0.4429    0.3491    0.3261    0.1696    0.1054    0.2334   0.04251
    83/299     8.73G   0.04818    0.0652  0.009194    0.1226       154       640     0.469    0.3369    0.3268    0.1702    0.1054    0.2332   0.04257
    84/299     8.73G   0.04835   0.06594  0.009242    0.1235        37       640    0.4656     0.339    0.3282    0.1703    0.1054     0.234   0.04228
    85/299     8.73G   0.04804   0.06638  0.009151    0.1236       100       640    0.4279    0.3587    0.3282    0.1709    0.1055    0.2336   0.04222
    86/299     8.73G   0.04813   0.06678  0.009111     0.124       364       640    0.4287     0.357     0.327    0.1713    0.1055    0.2331   0.04243
    87/299     8.73G   0.04809    0.0662  0.009046    0.1233       152       640    0.4343     0.356    0.3257      0.17    0.1055    0.2331   0.04246
    88/299     8.73G   0.04811     0.066  0.009075    0.1232        72       640    0.4165    0.3685    0.3289    0.1711    0.1051    0.2353   0.04267
    89/299     8.73G   0.04794   0.06528  0.009027    0.1223       106       640    0.4209    0.3689    0.3302    0.1713    0.1051    0.2353   0.04262
    90/299     8.73G   0.04805   0.06609  0.009044    0.1232       273       640    0.4491    0.3528    0.3314    0.1719    0.1052    0.2349   0.04266
    91/299     8.73G   0.04793   0.06575  0.008932    0.1226       341       640    0.4289    0.3666    0.3326    0.1732    0.1051     0.235   0.04264
    92/299     8.73G   0.04813   0.06637  0.008964    0.1235       145       640     0.442     0.359     0.334    0.1738    0.1051    0.2353   0.04262
    93/299     8.73G   0.04782   0.06648   0.00892    0.1232       163       640    0.4599    0.3531    0.3351    0.1745    0.1052    0.2351   0.04262
    94/299     8.73G   0.04787   0.06538  0.008901    0.1222       295       640    0.4399     0.361    0.3337    0.1742    0.1052    0.2353    0.0428
    95/299     8.73G   0.04786   0.06566  0.008917    0.1224        98       640    0.4082    0.3825    0.3338    0.1736    0.1051    0.2354   0.04281
    96/299     8.73G   0.04773   0.06627  0.008794    0.1228       364       640    0.4436    0.3616    0.3345     0.174    0.1051    0.2358   0.04275
    97/299     8.73G   0.04764   0.06526  0.008807    0.1217       253       640    0.4209    0.3773    0.3344    0.1744     0.105    0.2358   0.04277
    98/299     8.73G    0.0477   0.06559  0.008895    0.1222       111       640    0.4269    0.3745    0.3361    0.1759    0.1048    0.2362   0.04281
    99/299     8.73G   0.04772   0.06618  0.008784    0.1227        64       640     0.424    0.3742     0.337    0.1755    0.1048    0.2364   0.04282
   100/299     8.73G   0.04764   0.06675    0.0088    0.1232       234       640    0.4754    0.3476    0.3374    0.1757    0.1048    0.2366   0.04294
   101/299     8.73G   0.04751   0.06535  0.008725    0.1216       244       640    0.4704    0.3541    0.3387    0.1764    0.1049    0.2363   0.04296
   102/299     8.73G    0.0475   0.06553  0.008818    0.1219       284       640     0.487    0.3439    0.3395    0.1776    0.1049     0.236   0.04291
   103/299     8.73G   0.04765   0.06659  0.008754     0.123       102       640    0.4643    0.3565    0.3395    0.1771    0.1049    0.2362   0.04287
   104/299     8.73G   0.04763   0.06589  0.008759    0.1223       440       640    0.4751    0.3512    0.3393    0.1772    0.1048    0.2367   0.04288
   105/299     8.73G   0.04754   0.06737  0.008688    0.1236       403       640    0.4322    0.3768    0.3396    0.1782    0.1047    0.2372   0.04294
   106/299     8.73G   0.04752    0.0656  0.008673    0.1218       225       640    0.4681     0.359    0.3398    0.1782    0.1047    0.2372   0.04295
   107/299     8.73G   0.04727   0.06516  0.008668    0.1211       149       640    0.4771    0.3539    0.3413    0.1789    0.1046    0.2373   0.04298
   108/299     8.73G   0.04736    0.0655  0.008676    0.1215       343       640    0.4634    0.3625    0.3424    0.1792    0.1045    0.2382   0.04291
   109/299     8.73G   0.04742   0.06702  0.008601     0.123       367       640    0.4512    0.3682    0.3423    0.1801    0.1045    0.2386   0.04296
   110/299     15.1G   0.04735   0.06543  0.008595    0.1214       130       640     0.468    0.3589    0.3425    0.1799    0.1045    0.2389   0.04305
   111/299     15.1G    0.0472   0.06559  0.008565    0.1213        86       640    0.4782    0.3567    0.3432    0.1808    0.1044    0.2394   0.04307
   112/299     15.1G   0.04716   0.06601   0.00853    0.1217       173       640    0.4864    0.3519    0.3434    0.1808    0.1044    0.2394   0.04309
   113/299     15.1G   0.04713   0.06554  0.008508    0.1212       104       640    0.4622    0.3659    0.3448    0.1816    0.1044    0.2394    0.0431
   114/299     15.1G   0.04711   0.06536  0.008477    0.1209       262       640    0.4605    0.3669    0.3451    0.1813    0.1043    0.2395   0.04311
   115/299     15.1G   0.04721    0.0652  0.008578     0.121       238       640    0.4625    0.3667    0.3459    0.1817    0.1043    0.2395   0.04314
   116/299     15.1G   0.04716   0.06591  0.008512    0.1216       328       640    0.4742    0.3615    0.3465    0.1821    0.1043    0.2394   0.04318
   117/299     15.1G   0.04705     0.066  0.008478    0.1215       104       640    0.4701    0.3633    0.3462     0.182    0.1044    0.2393   0.04321
   118/299     15.1G   0.04705   0.06607  0.008365    0.1215       782       640    0.4691    0.3631    0.3461    0.1827    0.1043    0.2393   0.04319
   119/299     15.1G   0.04696   0.06528  0.008409    0.1206       122       640    0.4443      0.38    0.3477    0.1833    0.1043    0.2393   0.04323
   120/299     15.1G    0.0469   0.06557  0.008408    0.1209       204       640    0.4654     0.369    0.3486    0.1835    0.1043    0.2396   0.04329
   121/299     15.1G   0.04707    0.0657  0.008442    0.1212       242       640    0.4718    0.3665    0.3492    0.1839    0.1043    0.2398    0.0433
   122/299     15.1G   0.04705   0.06643  0.008383    0.1219       332       640    0.4555    0.3743    0.3499    0.1845    0.1043    0.2399   0.04334
   123/299     15.1G   0.04676    0.0655  0.008311    0.1206       259       640    0.4705    0.3664    0.3506    0.1849    0.1042    0.2402   0.04337
   124/299     15.1G   0.04694   0.06569  0.008394     0.121       224       640    0.4677    0.3679    0.3508    0.1853    0.1042    0.2401   0.04338
   125/299     15.1G   0.04694   0.06459  0.008341    0.1199       205       640    0.4593    0.3731    0.3519    0.1858    0.1042    0.2401   0.04341
   126/299     15.1G   0.04706   0.06543  0.008315    0.1208       231       640    0.4615    0.3725     0.353    0.1862    0.1042    0.2402   0.04341
   127/299     15.1G   0.04691   0.06455  0.008377    0.1198       212       640    0.4497    0.3782    0.3533    0.1863    0.1042    0.2404   0.04341
   128/299     15.1G   0.04687   0.06682  0.008362    0.1221       183       640    0.4447    0.3823    0.3538    0.1866    0.1042    0.2407   0.04345
   129/299     15.1G   0.04686   0.06516  0.008264    0.1203        58       640    0.4415    0.3829    0.3536    0.1866    0.1042    0.2409   0.04351
   130/299     15.1G   0.04684   0.06527  0.008301    0.1204       255       640    0.4812    0.3599    0.3545    0.1867    0.1042    0.2408   0.04352
   131/299     15.1G   0.04665   0.06481  0.008182    0.1196       100       640    0.4507     0.378    0.3547     0.187    0.1041     0.241   0.04352
   132/299     15.1G   0.04688   0.06549  0.008222    0.1206        76       640     0.445    0.3849    0.3555    0.1873    0.1042    0.2409   0.04353
   133/299     15.1G   0.04683   0.06603  0.008234    0.1211       468       640    0.4681    0.3729    0.3563    0.1879    0.1041    0.2411   0.04351
   134/299     15.1G   0.04686   0.06464  0.008278    0.1198        85       640    0.4553    0.3801    0.3561     0.188    0.1041    0.2413    0.0435
   135/299     15.1G   0.04682   0.06487  0.008266      0.12       341       640    0.4615    0.3791    0.3576    0.1884    0.1041    0.2414   0.04352
   136/299     15.1G    0.0469   0.06476  0.008241    0.1199       138       640    0.4475    0.3867    0.3578    0.1887    0.1041    0.2416   0.04354
   137/299     15.1G   0.04652   0.06548  0.008125    0.1201       319       640    0.4692    0.3739    0.3586    0.1894     0.104    0.2418   0.04354
   138/299     15.1G    0.0466   0.06568  0.008108    0.1204       288       640    0.4611    0.3801    0.3589    0.1897     0.104    0.2419   0.04356
   139/299     15.1G   0.04647   0.06565  0.008155    0.1203       457       640    0.4706    0.3756    0.3593    0.1902     0.104    0.2422   0.04356
   140/299     15.1G   0.04655   0.06493    0.0081    0.1196        96       640    0.4948    0.3641    0.3599    0.1905     0.104    0.2423   0.04353
   141/299     15.1G   0.04647   0.06564  0.008124    0.1202       135       640    0.4987     0.363    0.3604     0.191     0.104    0.2424   0.04354
   142/299     15.1G   0.04634   0.06509  0.008002    0.1194       175       640     0.499    0.3634    0.3606    0.1912     0.104    0.2424   0.04356
   143/299     15.1G   0.04643   0.06518  0.008067    0.1197       234       640    0.4975    0.3639    0.3612    0.1915     0.104    0.2428   0.04357
   144/299     15.1G   0.04647     0.065  0.008002    0.1195        89       640    0.4917    0.3657    0.3609    0.1917     0.104    0.2428   0.04357
   145/299     15.1G   0.04641   0.06615  0.008055    0.1206       246       640    0.4766    0.3748    0.3617    0.1919    0.1039    0.2429   0.04357
   146/299     15.1G   0.04631   0.06446  0.008053    0.1188        87       640    0.4696    0.3793    0.3616    0.1923    0.1039     0.243   0.04357
   147/299     15.1G   0.04639   0.06474  0.008022    0.1192       241       640    0.4776    0.3754    0.3622    0.1929    0.1039    0.2431   0.04358
   148/299     15.1G   0.04643    0.0651  0.008017    0.1195       345       640    0.4794    0.3755    0.3624    0.1928    0.1039    0.2431   0.04359
   149/299     15.1G   0.04627   0.06578  0.007996      0.12       100       640    0.4781    0.3762    0.3627    0.1928    0.1039    0.2431   0.04359
   150/299     15.1G   0.04639    0.0641  0.007983    0.1185       128       640    0.4796    0.3764    0.3633    0.1931    0.1039    0.2433   0.04359
   151/299     15.1G   0.04624   0.06524  0.007952    0.1194       124       640    0.4843    0.3748    0.3636    0.1931    0.1039    0.2433   0.04359
   152/299     15.1G   0.04643   0.06542  0.007978    0.1198       357       640    0.4849    0.3751    0.3639    0.1934    0.1039    0.2432   0.04359
   153/299     15.1G   0.04621   0.06529  0.007961    0.1195       244       640    0.4841    0.3762    0.3642    0.1936    0.1039    0.2434   0.04361
   154/299     15.1G   0.04637   0.06506  0.007949    0.1194       134       640    0.4813    0.3769    0.3644    0.1939    0.1039    0.2434   0.04362
   155/299     15.1G    0.0462   0.06471  0.007897    0.1188       358       640    0.4801     0.378    0.3648    0.1942    0.1039    0.2434   0.04364
   156/299     15.1G   0.04615   0.06453  0.007872    0.1186        38       640    0.4772    0.3794    0.3648    0.1946    0.1038    0.2435   0.04364
   157/299     15.1G   0.04619   0.06498  0.007821     0.119       152       640     0.479    0.3787    0.3657    0.1951    0.1038    0.2437   0.04365
   158/299     15.1G   0.04635   0.06496  0.007916    0.1192       381       640    0.4829    0.3767     0.366    0.1954    0.1038    0.2438   0.04365
   159/299     15.1G   0.04597   0.06424  0.007791     0.118        75       640    0.4874    0.3749    0.3665    0.1955    0.1038    0.2439   0.04365
   160/299     15.1G   0.04623    0.0647  0.007838    0.1188       323       640    0.4861    0.3755    0.3669    0.1956    0.1038    0.2439   0.04366
   161/299     15.1G    0.0462   0.06466  0.007837    0.1187       203       640    0.4703    0.3852    0.3673    0.1957    0.1038    0.2441   0.04367
   162/299     15.1G   0.04614    0.0651  0.007782     0.119       431       640    0.4667     0.388    0.3678    0.1958    0.1038    0.2442   0.04366
   163/299     15.1G   0.04598   0.06414  0.007819    0.1179       292       640    0.4707    0.3871     0.368     0.196    0.1038    0.2443   0.04367
   164/299     15.1G   0.04617   0.06432  0.007813    0.1183       647       640    0.4706    0.3866     0.368    0.1958    0.1038    0.2443   0.04367
   165/299     15.1G   0.04585   0.06543  0.007684     0.119       247       640    0.4469    0.4031     0.368     0.196    0.1038    0.2444   0.04366
   166/299     15.1G   0.04592    0.0641  0.007762    0.1178        76       640    0.4704    0.3872    0.3678    0.1958    0.1038    0.2445   0.04366
   167/299     15.1G   0.04588   0.06529  0.007752    0.1189        95       640    0.4616    0.3929     0.368    0.1959    0.1038    0.2445   0.04366
   168/299     15.1G   0.04589   0.06454  0.007744    0.1182       335       640    0.4821    0.3814    0.3683    0.1961    0.1038    0.2446   0.04367
   169/299     15.1G   0.04585   0.06372  0.007713    0.1173       250       640    0.4797    0.3829    0.3686    0.1963    0.1037    0.2446   0.04367
   170/299     15.1G   0.04604   0.06496  0.007755    0.1188       243       640    0.4373    0.4129    0.3692    0.1966    0.1037    0.2446   0.04367
   171/299     15.1G     0.046   0.06525   0.00768    0.1189       193       640    0.4757    0.3863    0.3694    0.1967    0.1037    0.2448   0.04367
   172/299     15.1G   0.04596   0.06524  0.007719    0.1189       198       640    0.4489    0.4054    0.3699     0.197    0.1037    0.2448   0.04367
   173/299     15.1G   0.04578   0.06467  0.007685    0.1181       101       640    0.4887    0.3802    0.3702     0.197    0.1037    0.2448   0.04367
   174/299     15.1G   0.04569   0.06462  0.007583    0.1179       206       640    0.4874    0.3814    0.3705    0.1971    0.1037    0.2448   0.04367
   175/299     15.1G   0.04576   0.06534   0.00763    0.1187       104       640    0.4873    0.3816    0.3706    0.1972    0.1037    0.2449   0.04368
   176/299     15.1G   0.04578   0.06358  0.007618     0.117       153       640    0.4512    0.4049    0.3709    0.1974    0.1037    0.2449   0.04368
   177/299     15.1G    0.0458   0.06424  0.007637    0.1177       243       640    0.4549    0.4035    0.3714    0.1975    0.1037    0.2451   0.04368
   178/299     15.1G   0.04576   0.06472  0.007641    0.1181        75       640    0.4562    0.4025    0.3714    0.1977    0.1037    0.2451   0.04368
   179/299     15.1G    0.0458   0.06432  0.007645    0.1178       153       640    0.4499    0.4074    0.3716     0.198    0.1037    0.2453   0.04368
   180/299     15.1G   0.04569   0.06449  0.007602    0.1178       277       640    0.4502    0.4073    0.3718    0.1982    0.1037    0.2453   0.04368
   181/299     15.1G    0.0457   0.06451  0.007698    0.1179       327       640     0.462    0.3991     0.372    0.1983    0.1037    0.2454   0.04367
   182/299     15.1G   0.04566   0.06329   0.00752    0.1165        93       640    0.4624    0.3998    0.3723    0.1983    0.1037    0.2454   0.04368
   183/299     15.1G   0.04565   0.06392  0.007599    0.1172       175       640    0.4638     0.399    0.3726    0.1987    0.1037    0.2455   0.04368
   184/299     15.1G   0.04562   0.06503  0.007632    0.1183       130       640    0.4658    0.3986    0.3729    0.1988    0.1037    0.2455   0.04367
   185/299     15.1G   0.04567   0.06532  0.007467    0.1185       296       640    0.4701    0.3956    0.3731     0.199    0.1036    0.2456   0.04367
   186/299     15.1G   0.04559   0.06448  0.007514    0.1176       316       640    0.4682     0.397    0.3732    0.1993    0.1036    0.2456   0.04366
   187/299     15.1G   0.04558   0.06345    0.0076    0.1166       350       640    0.4711    0.3952    0.3732    0.1995    0.1036    0.2457   0.04366
   188/299     15.1G   0.04573   0.06412  0.007541    0.1174       208       640    0.4706    0.3962    0.3734    0.1995    0.1036    0.2458   0.04366
   189/299     15.1G    0.0454   0.06439  0.007446    0.1172       198       640    0.4707    0.3966    0.3735    0.1996    0.1036    0.2459   0.04366
   190/299     15.1G   0.04538   0.06464  0.007491    0.1175        88       640     0.473    0.3952    0.3737    0.1998    0.1036    0.2459   0.04365
   191/299     15.1G   0.04533   0.06444  0.007415    0.1172       228       640    0.4699    0.3978    0.3739    0.1999    0.1036    0.2459   0.04365
   192/299     15.1G   0.04548   0.06509  0.007443     0.118       282       640    0.4707    0.3973     0.374       0.2    0.1036     0.246   0.04365
   193/299     15.1G   0.04545   0.06407  0.007386    0.1169       207       640    0.4569    0.4075    0.3742       0.2    0.1036     0.246   0.04365
   194/299     15.1G   0.04544   0.06445  0.007387    0.1173       123       640    0.4577    0.4063    0.3744    0.2001    0.1036    0.2461   0.04365
   195/299     15.1G   0.04541   0.06425  0.007489    0.1171        74       640    0.4591    0.4062    0.3745    0.2002    0.1036     0.246   0.04364
   196/299     15.1G   0.04529   0.06387  0.007418    0.1166       146       640    0.4617    0.4051    0.3749    0.2005    0.1036    0.2461   0.04365
   197/299     15.1G   0.04538   0.06414  0.007427    0.1169        56       640     0.458    0.4075     0.375    0.2005    0.1036    0.2461   0.04364
   198/299     15.1G   0.04527    0.0637  0.007389    0.1164       463       640    0.4535    0.4116    0.3754    0.2007    0.1036    0.2462   0.04364
   199/299     15.1G   0.04544    0.0648  0.007462    0.1177       441       640    0.4532    0.4118    0.3755    0.2007    0.1036    0.2463   0.04364
   200/299     15.1G   0.04537   0.06365  0.007372    0.1164       272       640    0.4532    0.4118    0.3756    0.2009    0.1036    0.2464   0.04363
   201/299     15.1G   0.04525   0.06522  0.007342    0.1178        58       640    0.4534    0.4118     0.376    0.2011    0.1036    0.2465   0.04363
   202/299     15.1G   0.04526   0.06286  0.007321    0.1154       222       640     0.464    0.4044     0.376    0.2012    0.1036    0.2467   0.04362
   203/299     15.1G   0.04513   0.06417  0.007324    0.1166       148       640     0.464    0.4045    0.3761    0.2013    0.1036    0.2466   0.04362
   204/299     15.1G   0.04523   0.06348  0.007339    0.1161       281       640    0.4655    0.4041    0.3764    0.2014    0.1036    0.2468   0.04362
   205/299     15.1G   0.04521   0.06439  0.007284    0.1169        90       640    0.4636    0.4057    0.3764    0.2018    0.1036    0.2468   0.04361
   206/299     15.1G   0.04527   0.06459  0.007353    0.1172       166       640    0.4666    0.4034    0.3766    0.2018    0.1036    0.2468   0.04361
   207/299     15.1G   0.04523   0.06306  0.007309    0.1156       134       640    0.4648    0.4048    0.3768    0.2019    0.1036    0.2469   0.04361
   208/299     15.1G   0.04538   0.06411  0.007304    0.1168       147       640    0.4653     0.405    0.3769    0.2021    0.1035     0.247   0.04361
   209/299     15.1G   0.04525   0.06434  0.007262    0.1169       261       640    0.4691    0.4026    0.3771    0.2021    0.1035    0.2471   0.04361
   210/299     15.1G   0.04517   0.06301  0.007301    0.1155       134       640    0.4697    0.4025    0.3771    0.2021    0.1035    0.2472    0.0436
   211/299     15.1G   0.04512    0.0632   0.00729    0.1156        28       640     0.469    0.4031    0.3769    0.2022    0.1035    0.2473    0.0436
   212/299     15.1G   0.04511   0.06446  0.007229    0.1168       284       640    0.4637    0.4073    0.3772    0.2022    0.1035    0.2474    0.0436
   213/299     15.1G   0.04513   0.06358  0.007251     0.116       271       640    0.4727    0.4011    0.3772    0.2024    0.1035    0.2474   0.04359
   214/299     15.1G   0.04512   0.06329   0.00723    0.1156       174       640    0.4713    0.4018    0.3773    0.2025    0.1035    0.2475   0.04359
   215/299     15.1G   0.04508   0.06288  0.007214    0.1152       114       640    0.4712    0.4021    0.3775    0.2025    0.1035    0.2475   0.04359
   216/299     15.1G   0.04495   0.06408  0.007196    0.1162       222       640    0.4681    0.4041    0.3775    0.2026    0.1035    0.2476   0.04359
   217/299     15.1G   0.04492    0.0637  0.007171    0.1158       322       640    0.4679    0.4042    0.3776    0.2027    0.1035    0.2477   0.04358
   218/299     15.1G   0.04502   0.06297   0.00715    0.1151       150       640    0.4678    0.4042    0.3777    0.2026    0.1035    0.2477   0.04358
   219/299     15.1G   0.04504    0.0641  0.007191    0.1163       212       640    0.4603    0.4099    0.3782    0.2027    0.1035    0.2478   0.04359
   220/299     15.1G   0.04486   0.06365  0.007162    0.1157       386       640    0.4626    0.4083    0.3782    0.2029    0.1035    0.2479   0.04359
   221/299     15.1G   0.04495   0.06352  0.007162    0.1156       276       640    0.4636    0.4075    0.3784     0.203    0.1035    0.2481   0.04358
   222/299     15.1G   0.04519   0.06491  0.007211    0.1173       234       640    0.4652    0.4069    0.3788    0.2031    0.1035    0.2479   0.04358
   223/299     15.1G   0.04481   0.06367  0.007086    0.1156       152       640    0.4625    0.4084    0.3789    0.2031    0.1035     0.248   0.04358
   224/299     15.1G   0.04493   0.06296  0.007105     0.115       214       640    0.4615    0.4093    0.3789    0.2031    0.1035    0.2481   0.04358
   225/299     15.1G   0.04496    0.0639  0.007145     0.116       175       640    0.4625    0.4088    0.3791    0.2034    0.1035    0.2481   0.04358
   226/299     15.1G    0.0448     0.063  0.007093    0.1149       245       640    0.4715     0.403    0.3792    0.2035    0.1035    0.2482   0.04358
   227/299     15.1G   0.04495   0.06391  0.007113     0.116       217       640    0.4683    0.4056    0.3796    0.2039    0.1035    0.2482   0.04357
   228/299     15.1G   0.04484   0.06205  0.007134     0.114        36       640    0.4665    0.4068    0.3795    0.2038    0.1035    0.2484   0.04357
   229/299     15.1G   0.04486   0.06361  0.007094    0.1156       258       640    0.4698    0.4052    0.3796    0.2039    0.1035    0.2484   0.04357
   230/299     15.1G   0.04454   0.06331   0.00703    0.1149       289       640    0.4691    0.4055    0.3797    0.2039    0.1035    0.2484   0.04357
   231/299     15.1G   0.04488   0.06274  0.007112    0.1147       205       640    0.4691    0.4053    0.3799    0.2041    0.1035    0.2486   0.04357
   232/299     15.1G   0.04472   0.06317   0.00709     0.115        34       640    0.4698    0.4055      0.38    0.2041    0.1035    0.2487   0.04356
   233/299     15.1G   0.04488   0.06431   0.00717    0.1164       113       640    0.4751    0.4021    0.3802    0.2043    0.1035    0.2487   0.04356
   234/299     15.1G   0.04501   0.06399  0.007107    0.1161       218       640    0.4711    0.4045    0.3803    0.2044    0.1035    0.2488   0.04356
   235/299     15.1G   0.04468   0.06312  0.007049    0.1148       145       640    0.4718     0.404    0.3804    0.2044    0.1035    0.2487   0.04356
   236/299     15.1G   0.04478   0.06471  0.007088    0.1166       259       640    0.4721    0.4042    0.3806    0.2045    0.1035    0.2489   0.04355
   237/299     15.1G   0.04475   0.06393  0.007015    0.1157       223       640    0.4708    0.4051    0.3806    0.2046    0.1035     0.249   0.04354
   238/299     15.1G   0.04477   0.06338  0.007059    0.1152       411       640    0.4723    0.4041    0.3807    0.2045    0.1035    0.2491   0.04354
   239/299     15.1G   0.04469   0.06332  0.006969     0.115        93       640    0.4764    0.4017    0.3809    0.2046    0.1035    0.2491   0.04354
   240/299     15.1G   0.04458   0.06249  0.006951     0.114       210       640    0.4717     0.405     0.381    0.2046    0.1035    0.2491   0.04355
   241/299     15.1G   0.04478   0.06353  0.007028    0.1153       162       640    0.4729    0.4046    0.3811    0.2046    0.1035    0.2493   0.04354
   242/299     15.1G   0.04466   0.06339  0.006959     0.115       138       640    0.4769     0.402    0.3812    0.2046    0.1035    0.2493   0.04354
   243/299     15.1G   0.04455    0.0633  0.006928    0.1148       338       640    0.4746    0.4038    0.3814    0.2047    0.1035    0.2493   0.04353
   244/299     15.1G    0.0445   0.06333  0.006875    0.1147       222       640    0.4747    0.4037    0.3815    0.2047    0.1035    0.2495   0.04353
   245/299     15.1G   0.04483   0.06413  0.007116    0.1161        76       640     0.475    0.4033    0.3815    0.2048    0.1035    0.2496   0.04352
   246/299     15.1G   0.04449   0.06329  0.006905    0.1147       195       640    0.4749    0.4033    0.3813    0.2046    0.1035    0.2497   0.04352
   247/299     15.1G   0.04462   0.06374  0.006912    0.1153        59       640     0.475    0.4037    0.3815    0.2046    0.1035    0.2497   0.04352
   248/299     15.1G   0.04449   0.06291  0.006911    0.1143       113       640    0.4763    0.4029    0.3815    0.2047    0.1035    0.2498   0.04351
   249/299     15.1G   0.04465   0.06364  0.006908    0.1152       154       640    0.4766    0.4029    0.3816    0.2049    0.1035    0.2498   0.04351
   250/299     15.1G   0.04447   0.06296  0.006909    0.1143       222       640    0.4765    0.4032    0.3815     0.205    0.1035    0.2499    0.0435
   251/299     15.1G   0.04445   0.06401  0.006887    0.1153       232       640     0.479    0.4015    0.3819    0.2052    0.1035    0.2499   0.04349
   252/299     15.1G   0.04448   0.06302  0.006927    0.1144       264       640    0.4794    0.4014    0.3821    0.2054    0.1035    0.2501   0.04348
   253/299     15.1G   0.04469   0.06247  0.006913    0.1141       165       640    0.4799    0.4012    0.3822    0.2055    0.1035    0.2502   0.04348
   254/299     15.1G   0.04443   0.06301  0.006878    0.1143       176       640    0.4813    0.4007    0.3821    0.2054    0.1035    0.2503   0.04347
   255/299     15.1G   0.04469   0.06365  0.006901    0.1152       233       640    0.4798    0.4013     0.382    0.2054    0.1034    0.2503   0.04347
   256/299     15.1G   0.04468   0.06327  0.006908    0.1149       116       640    0.4799    0.4013     0.382    0.2054    0.1035    0.2505   0.04347
   257/299     15.1G   0.04456   0.06198  0.006834    0.1134       305       640    0.4786    0.4019    0.3824    0.2055    0.1034    0.2506   0.04346
   258/299     15.1G   0.04434   0.06271  0.006819    0.1139       165       640    0.4728    0.4054    0.3823    0.2058    0.1034    0.2506   0.04345
   259/299     15.1G   0.04435   0.06243  0.006809    0.1136       123       640    0.4798    0.4011    0.3823    0.2058    0.1034    0.2507   0.04344
   260/299     15.1G   0.04435   0.06223  0.006804    0.1134       313       640      0.48     0.401    0.3824    0.2058    0.1034    0.2508   0.04343
   261/299     15.1G   0.04422     0.063  0.006754     0.114       370       640    0.4743    0.4045    0.3826    0.2059    0.1034    0.2509   0.04342
   262/299     15.1G   0.04445   0.06223  0.006888    0.1136       107       640     0.482    0.4001    0.3827    0.2059    0.1034     0.251   0.04342
   263/299     15.1G   0.04462    0.0626  0.006852    0.1141       213       640    0.4846    0.3986    0.3828     0.206    0.1034    0.2511   0.04341
   264/299     15.1G   0.04434   0.06318  0.006765    0.1143       149       640    0.4808    0.4011    0.3828     0.206    0.1034    0.2511   0.04341
   265/299     15.1G   0.04446   0.06324  0.006784    0.1145       235       640    0.4815    0.4013     0.383    0.2056    0.1034    0.2513    0.0434
   266/299     15.1G   0.04446   0.06271  0.006832     0.114       208       640    0.4818    0.4012    0.3834    0.2057    0.1034    0.2513   0.04339
   267/299     15.1G   0.04441   0.06258  0.006815    0.1138       158       640    0.4817    0.4011    0.3833    0.2057    0.1034    0.2514   0.04339
   268/299     15.1G   0.04447   0.06211  0.006871    0.1134       509       640    0.4815    0.4014    0.3834    0.2058    0.1034    0.2514   0.04338
   269/299     15.1G   0.04441   0.06331  0.006801    0.1145       356       640    0.4825    0.4006    0.3835    0.2058    0.1034    0.2516   0.04337
   270/299     15.1G   0.04429   0.06198   0.00681    0.1131       150       640    0.4829    0.4005    0.3837     0.206    0.1034    0.2516   0.04337
   271/299     15.1G   0.04418   0.06263  0.006723    0.1135       259       640    0.4803    0.4019    0.3839    0.2061    0.1034    0.2517   0.04337
   272/299     15.1G   0.04437   0.06203  0.006819    0.1132       231       640     0.484    0.4007    0.3841    0.2062    0.1034    0.2518   0.04337
   273/299     15.1G   0.04449   0.06242  0.006873    0.1138       265       640    0.4797    0.4032    0.3842    0.2064    0.1034    0.2519   0.04337
   274/299     15.1G   0.04428   0.06283  0.006746    0.1139       124       640    0.4809    0.4024    0.3843    0.2064    0.1034     0.252   0.04336
   275/299     15.1G   0.04437   0.06147  0.006767    0.1126       153       640    0.4824    0.4016    0.3845    0.2065    0.1034    0.2521   0.04335
   276/299     15.1G   0.04434   0.06302  0.006827    0.1142       199       640     0.481    0.4023    0.3845    0.2066    0.1034     0.252   0.04335
   277/299     15.1G   0.04419   0.06281  0.006733    0.1137       331       640    0.4786    0.4037    0.3847    0.2066    0.1034    0.2522   0.04335
   278/299     15.1G   0.04415   0.06218  0.006696     0.113       194       640    0.4841    0.4002    0.3848    0.2066    0.1034    0.2523   0.04335
   279/299     15.1G   0.04407   0.06301  0.006704    0.1138       151       640    0.4892    0.3971    0.3849    0.2068    0.1034    0.2523   0.04334
   280/299     15.1G   0.04439   0.06311  0.006763    0.1143       354       640    0.4852    0.3993    0.3849    0.2068    0.1034    0.2524   0.04334
   281/299     15.1G   0.04434    0.0626  0.006732    0.1137       151       640    0.4903    0.3973    0.3849    0.2068    0.1034    0.2525   0.04333
   282/299     15.1G   0.04434   0.06371  0.006827    0.1149       202       640    0.4864    0.3998    0.3851    0.2069    0.1034    0.2526   0.04332
   283/299     15.1G   0.04421   0.06197  0.006677    0.1129       240       640    0.4878     0.399    0.3851    0.2069    0.1034    0.2527   0.04332
   284/299     15.1G   0.04417   0.06264  0.006767    0.1136       164       640     0.488    0.3993    0.3851    0.2068    0.1034    0.2527   0.04331
   285/299     15.1G   0.04419   0.06234  0.006713    0.1132       178       640     0.488    0.3987    0.3852    0.2069    0.1034    0.2528   0.04332
   286/299     15.1G   0.04422   0.06189  0.006715    0.1128       453       640    0.4896    0.3986    0.3854    0.2071    0.1034    0.2528   0.04331
   287/299     15.1G   0.04414     0.063  0.006723    0.1139       159       640    0.4919    0.3973    0.3856    0.2071    0.1034    0.2528    0.0433
   288/299     15.1G   0.04414   0.06221  0.006654     0.113       214       640    0.4898    0.3987    0.3858     0.207    0.1034     0.253    0.0433
   289/299     15.1G   0.04412   0.06218  0.006687     0.113       221       640     0.491    0.3977    0.3858    0.2072    0.1034     0.253   0.04329
   290/299     15.1G   0.04431   0.06185  0.006766    0.1129       163       640    0.4901    0.3989    0.3863    0.2076    0.1034    0.2531   0.04328
   291/299     15.1G   0.04424   0.06326  0.006726    0.1142       170       640    0.5196    0.3834    0.3865    0.2077    0.1034    0.2531   0.04326
   292/299     15.1G   0.04413   0.06306   0.00667    0.1139       139       640    0.4879    0.3991    0.3859    0.2077    0.1034    0.2533   0.04326
   293/299     15.1G    0.0442   0.06343   0.00666    0.1143       495       640    0.4877    0.3991     0.386    0.2078    0.1034    0.2534   0.04326
   294/299     15.1G   0.04385   0.06204  0.006572    0.1125       332       640    0.4897     0.399    0.3862    0.2078    0.1034    0.2535   0.04326
   295/299     15.1G   0.04418   0.06232  0.006694    0.1132        72       640    0.4902    0.3987    0.3862    0.2078    0.1033    0.2535   0.04325
   296/299     15.1G   0.04407   0.06321  0.006692     0.114        69       640    0.4873    0.4003    0.3861    0.2078    0.1033    0.2537   0.04324
   297/299     15.1G   0.04432    0.0632  0.006734    0.1142       208       640     0.489    0.3997    0.3865    0.2079    0.1033    0.2538   0.04324
   298/299     15.1G   0.04406   0.06333   0.00663     0.114       224       640    0.4875    0.4007    0.3865    0.2079    0.1033    0.2538   0.04324
   299/299     15.1G   0.04415   0.06147  0.006574    0.1122       224       640    0.4892    0.4002    0.3868     0.208    0.1033    0.2538   0.04323
